0 15
15 17
17 0
15 12
12 16
16 15
17 16
16 14
14 17
12 18
18 20
20 12
18 9
9 19
19 18
20 19
19 13
13 20
14 21
21 23
23 14
21 13
13 22
22 21
23 22
22 11
11 23
9 27
27 29
29 9
27 24
24 28
28 27
29 28
28 26
26 29
24 30
30 32
32 24
30 6
6 31
31 30
32 31
31 25
25 32
26 33
33 35
35 26
33 25
25 34
34 33
35 34
34 10
10 35
11 39
39 41
41 11
39 36
36 40
40 39
41 40
40 38
38 41
36 42
42 44
44 36
42 10
10 43
43 42
44 43
43 37
37 44
38 45
45 47
47 38
45 37
37 46
46 45
47 46
46 8
8 47
6 54
54 56
56 6
54 51
51 55
55 54
56 55
55 53
53 56
51 57
57 59
59 51
57 48
48 58
58 57
59 58
58 52
52 59
53 60
60 62
62 53
60 52
52 61
61 60
62 61
61 50
50 62
48 66
66 68
68 48
66 63
63 67
67 66
68 67
67 65
65 68
63 69
69 71
71 63
69 3
3 70
70 69
71 70
70 64
64 71
65 72
72 74
74 65
72 64
64 73
73 72
74 73
73 49
49 74
50 78
78 80
80 50
78 75
75 79
79 78
80 79
79 77
77 80
75 81
81 83
83 75
81 49
49 82
82 81
83 82
82 76
76 83
77 84
84 86
86 77
84 76
76 85
85 84
86 85
85 7
7 86
8 93
93 95
95 8
93 90
90 94
94 93
95 94
94 92
92 95
90 96
96 98
98 90
96 87
87 97
97 96
98 97
97 91
91 98
92 99
99 101
101 92
99 91
91 100
100 99
101 100
100 89
89 101
87 105
105 107
107 87
105 102
102 106
106 105
107 106
106 104
104 107
102 108
108 110
110 102
108 7
7 109
109 108
110 109
109 103
103 110
104 111
111 113
113 104
111 103
103 112
112 111
113 112
112 88
88 113
89 117
117 119
119 89
117 114
114 118
118 117
119 118
118 116
116 119
114 120
120 122
122 114
120 88
88 121
121 120
122 121
121 115
115 122
116 123
123 125
125 116
123 115
115 124
124 123
125 124
124 5
5 125
3 135
135 137
137 3
135 132
132 136
136 135
137 136
136 134
134 137
132 138
138 140
140 132
138 129
129 139
139 138
140 139
139 133
133 140
134 141
141 143
143 134
141 133
133 142
142 141
143 142
142 131
131 143
129 147
147 149
149 129
147 144
144 148
148 147
149 148
148 146
146 149
144 150
150 152
152 144
150 126
126 151
151 150
152 151
151 145
145 152
146 153
153 155
155 146
153 145
145 154
154 153
155 154
154 130
130 155
131 159
159 161
161 131
159 156
156 160
160 159
161 160
160 158
158 161
156 162
162 164
164 156
162 130
130 163
163 162
164 163
163 157
157 164
158 165
165 167
167 158
165 157
157 166
166 165
167 166
166 128
128 167
126 174
174 176
176 126
174 171
171 175
175 174
176 175
175 173
173 176
171 177
177 179
179 171
177 168
168 178
178 177
179 178
178 172
172 179
173 180
180 182
182 173
180 172
172 181
181 180
182 181
181 170
170 182
168 186
186 188
188 168
186 183
183 187
187 186
188 187
187 185
185 188
183 189
189 191
191 183
189 1
1 190
190 189
191 190
190 184
184 191
185 192
192 194
194 185
192 184
184 193
193 192
194 193
193 169
169 194
170 198
198 200
200 170
198 195
195 199
199 198
200 199
199 197
197 200
195 201
201 203
203 195
201 169
169 202
202 201
203 202
202 196
196 203
197 204
204 206
206 197
204 196
196 205
205 204
206 205
205 127
127 206
128 213
213 215
215 128
213 210
210 214
214 213
215 214
214 212
212 215
210 216
216 218
218 210
216 207
207 217
217 216
218 217
217 211
211 218
212 219
219 221
221 212
219 211
211 220
220 219
221 220
220 209
209 221
207 225
225 227
227 207
225 222
222 226
226 225
227 226
226 224
224 227
222 228
228 230
230 222
228 127
127 229
229 228
230 229
229 223
223 230
224 231
231 233
233 224
231 223
223 232
232 231
233 232
232 208
208 233
209 237
237 239
239 209
237 234
234 238
238 237
239 238
238 236
236 239
234 240
240 242
242 234
240 208
208 241
241 240
242 241
241 235
235 242
236 243
243 245
245 236
243 235
235 244
244 243
245 244
244 4
4 245
5 255
255 257
257 5
255 252
252 256
256 255
257 256
256 254
254 257
252 258
258 260
260 252
258 249
249 259
259 258
260 259
259 253
253 260
254 261
261 263
263 254
261 253
253 262
262 261
263 262
262 251
251 263
249 267
267 269
269 249
267 264
264 268
268 267
269 268
268 266
266 269
264 270
270 272
272 264
270 246
246 271
271 270
272 271
271 265
265 272
266 273
273 275
275 266
273 265
265 274
274 273
275 274
274 250
250 275
251 279
279 281
281 251
279 276
276 280
280 279
281 280
280 278
278 281
276 282
282 284
284 276
282 250
250 283
283 282
284 283
283 277
277 284
278 285
285 287
287 278
285 277
277 286
286 285
287 286
286 248
248 287
246 294
294 296
296 246
294 291
291 295
295 294
296 295
295 293
293 296
291 297
297 299
299 291
297 288
288 298
298 297
299 298
298 292
292 299
293 300
300 302
302 293
300 292
292 301
301 300
302 301
301 290
290 302
288 306
306 308
308 288
306 303
303 307
307 306
308 307
307 305
305 308
303 309
309 311
311 303
309 4
4 310
310 309
311 310
310 304
304 311
305 312
312 314
314 305
312 304
304 313
313 312
314 313
313 289
289 314
290 318
318 320
320 290
318 315
315 319
319 318
320 319
319 317
317 320
315 321
321 323
323 315
321 289
289 322
322 321
323 322
322 316
316 323
317 324
324 326
326 317
324 316
316 325
325 324
326 325
325 247
247 326
248 333
333 335
335 248
333 330
330 334
334 333
335 334
334 332
332 335
330 336
336 338
338 330
336 327
327 337
337 336
338 337
337 331
331 338
332 339
339 341
341 332
339 331
331 340
340 339
341 340
340 329
329 341
327 345
345 347
347 327
345 342
342 346
346 345
347 346
346 344
344 347
342 348
348 350
350 342
348 247
247 349
349 348
350 349
349 343
343 350
344 351
351 353
353 344
351 343
343 352
352 351
353 352
352 328
328 353
329 357
357 359
359 329
357 354
354 358
358 357
359 358
358 356
356 359
354 360
360 362
362 354
360 328
328 361
361 360
362 361
361 355
355 362
356 363
363 365
365 356
363 355
355 364
364 363
365 364
364 2
2 365
